1111111111111111111111111111111111
1000000001000000000000001000000001
1000000001000000000000001000000001
1000000001000010000100001000000001
1000000000000010000100000000000001
1001111000000010000100000001110001
1000000000000010000100000000000001
1000000001000010000100001000000001
1000000001000000000000001000000001
1000000001000000000000001000000001
1110011111001000110001001111100111
1000000001000000000000001000000001
1000000001000000000000001000000001
1000000001000010000100001000000001
1000000000000010000100000000000001
1001111000000010000100000001111001
1000000001000010000100001000000001
1000000001000010000100001000000001
1000000001000000000000001000000001
1000000001000000000000001000000001
1111111111111111111111111111111111
